3

5

9

13

14

15

16

19

20

22

23

27

28

29

31

32

33

36

37

42

43

44

46

49

50

51

52

56

58

62

63

68

75

76

77

82

88

93

94

95

96

100

101

103

110

111

112

113

114

115

116

118

120

121

126

132

135

138

144

146

147

148

149

150

152

153

157

163

164

165

170

171

172

173

177

178

192

193

194

195

196

197

199

201

202

208

209

210

211

212

213

214

215

216

221

223

224

228

231

232

233

234

235

236

240

241

243

245

246

247

254

256

258

260

263

266

272

275

277

278

280

281

285

290

291

292

297

298

300

301

305

306

309

310

312

315

316

319

321

323

325

332

348

351

361

362

363

364

365

366

367

368

373

374

376

377

378

380

381

394

395

396

398

399

400

401

402

403

404

405

406

407

408

409

414

416

419

421

422

424

430

432

434

435

436

444

445

446

447

448

452

453

462

463

464

465

466

467

468

469

472

473

480

481

482

483

484

488

492

493

497

499

505

506

514

515

516

518

520

522

523

524

527

528

530

531

533

534

536

538

540

541

542

544

545

546

547

548

